Cascalho

Mina 1	47	16	37
Mina 2	23	54	23
Mina 3	32	23	45

0.47	0.16	0.37
0.23	0.54	0.23
0.32	0.23	0.45

Transpose

47/100	23/100	8/25
4/25	27/50	23/100
37/100	23/100	9/20

47/100	23/100	8/25	3007
4/25	27/50	23/100	2311
37/100	23/100	9/20	3027

x1 = 6945/2
x2 = 4095/2
x3 = 2825

3472.5, 2047.5, 2825
